#Id	V	eV	BV	eBV	UB	eUB	VI	eVI
2	10.331	0.004	0.107	0.008944272	-0.479	0.008944272	0.222	0.005656854
3	10.39	0.001	1.267	0.008062258	1.459	0.012806248	1.218	0.022022716
4	10.931	0.006	0.028	0.007211103	-0.086	0.023345235	0.016	0.00781025
5	11.017	0.002	1.114	0.003605551	1.096	0.017262677	1.1	0.002828427
6	11.02	0.002	2.257	0.002828427	2.457	0.009219544	2.512	0.00728011
7	11.217	0	0.263	0.004	-0.707	0.009848858	0.533	0
8	11.224	0.005	0.784	0.00781025	0.274	0.053338541	0.918	0.021587033
9	11.332	0.014	0.155	0.014866069	0.029	0.029427878	0.206	0.022022716
10	11.644	0	0.124	0.007	-0.351	0.007	0.238	0.024
11	11.783	0.001	1	0.002236068	0.45	0.015132746	1.155	0.001414214
12	11.842	0.003	1.04	0.003	0.724	0.008	1.111	0.005830952
13	11.902	0.008	0.276	0.009433981	0.24	0.009433981	0.326	0.017888544
14	11.94	0.009	0.141	0.009219544	-0.632	0.01811077	0.303	0.009848858
15	11.997	0.004	1.119	0.005	1.181	0.004242641	1.13	0.017464249
16	12.031	0.004	0.349	0.004	-0.578	0.011	0.622	0.004123106
17	12.07	0	0.062	0.005	0.151	0.005	0.09	0.003
18	12.153	0.003	0.428	0.013341664	-0.04	0.017029386	0.535	0.017262677
19	12.238	0.003	0.359	0.010440307	0.204	0.012206556	0.498	0.005
20	12.264	0.006	1.49	0.007211103	1.697	0.006403124	1.535	0.022803509
22	12.336	0.004	0.086	0.008944272	-0.801	0.017888544	0.244	0.004123106
24	12.402	0.003	0.25	0.013341664	0.107	0.015264338	0.324	0.008544004
26	12.439	0.008	0.409	0.008944272	-0.526	0.025317978	0.61	0.019697716
27	12.44	0.003	0.564	0.003162278	0.159	0.00509902	0.692	0.004242641
28	12.446	0.001	0.366	0.001	0.02	0.009	0.468	0.007071068
30	12.614	0.002	1.05	0.002	0.78	0.011	1.129	0.004472136
31	12.634	0.006	0.743	0.00781025	0.411	0.00781025	0.841	0.00781025
33	12.664	0.003	0.175	0.004242641	-0.02	0.015297059	0.23	0.011401754
34	12.76	0.005	0.431	0.01118034	-0.17	0.053935146	0.544	0.030413813
41	12.948	0.003	0.337	0.006708204	0.264	0.013416408	0.467	0.017262677
42	12.988	0.002	1.557	0.006324555	1.722	0.01	1.631	0.003605551
44	12.993	0.007	0.186	0.009899495	-0.202	0.018384776	0.316	0.020248457
46	13.125	0.004	1.146	0.004	0.829	0.007	1.249	0.004472136
51	13.274	0.003	0.218	0.006708204	0.031	0.008485281	0.347	0.012369317
52	13.276	0.001	1.286	0.004123106	1.234	0.008944272	1.408	0.00509902
53	13.283	0.003	0.51	0.005830952	0.099	0.008602325	0.597	0.009486833
54	13.288	0.003	0.291	0.003605551	0.225	0.002828427	0.342	0.003
56	13.326	0.003	1.289	0.006708204	1.147	0.023769729	1.351	0.008544004
57	13.355	0.007	0.206	0.008062258	0.13	0.008062258	0.316	0.035693137
58	13.362	0.008	1.221	0.012041595	1.159	0.023769729	1.279	0.015264338
59	13.374	0.004	0.488	0.01077033	-0.132	0.013453624	0.62	0.004
60	13.4	0.003	0.589	0.005830952	0.079	0.015811388	0.737	0.005
63	13.468	0.003	0.375	0.003	-0.469	0.011	0.634	0.005
64	13.47	0.006	0.293	0.00781025	-0.073	0.012083046	0.392	0.016155494
65	13.471	0	0.253	0.001	-0.257	0.010049876	0.433	0.002
66	13.498	0.002	1.089	0.009219544	0.592	0.009848858	1.202	0.00728011
67	13.518	0.003	0.433	0.008544004	-0.128	0.035902646	0.583	0.013341664
70	13.573	0.002	1.359	0.004472136	1.385	0.004	1.439	0.004472136
71	13.584	0.009	0.379	0.009486833	0.319	0.008544004	0.492	0.020124612
73	13.717	0.003	0.53	0.006708204	-0.45	0.006708204	0.844	0.029154759
74	13.726	0.005	0.565	0.007071068	0.261	0.006403124	0.732	0.00509902
77	13.817	0.004	0.46	0.004	0.189	0.003	0.602	0.004
80	13.915	0.002	1.149	0.003605551	0.979	0.011401754	1.265	0.004472136
82	13.974	0	0.451	0	0.324	0.014	0.589	0.016
84	13.985	0.003	1.124	0.003162278	0.805	0.013038405	1.262	0.010440307
