#ST	(U-B)o	(B-V)o	 Mv
O9V	-1.114	-0.318	-4
O9.5V	-1.087	-0.312	-3.9
B0V	-1.067	-0.307	-3.8
B0.5V	-1.026	-0.295	-3.6
B1V	-0.995	-0.278	-3
B1.5V	-0.91	-0.252	-2.6
B2V	-0.79	-0.21	-1.7
B2.5V	-0.732	-0.198	-1.4
B3V	-0.673	-0.178	-1.2
B4V	-0.619	-0.165	-0.8
B5V	-0.581	-0.156	-0.7
B6V	-0.504	-0.14	-0.5
B7V	-0.459	-0.128	-0.4
B8V	-0.364	-0.109	-0.2
B9V	-0.2	-0.07	0.5
B9.5V	-0.13	-0.05	0.8
A0V	-0.005	0	1.11
A1V	0.033	0.043	1.34
A2V	0.063	0.074	1.48
A3V	0.077	0.09	1.55
A4V	0.097	0.14	1.76
A5V	0.1	0.16	1.84
A6V	0.098	0.17	1.89
A7V	0.091	0.21	2.07
A8V	0.082	0.25	2.29
A9V	0.08	0.255	2.3
F0V	0.053	0.294	2.51
F1V	0.021	0.334	2.79
F2V	-0.008	0.374	2.99
F3V	-0.016	0.389	3.08
F4V	-0.026	0.412	3.23
F5V	-0.029	0.438	3.4
F6V	-0.021	0.484	3.7
F7V	-0.012	0.51	3.87
F8V	0.001	0.53	4.01
F9V	0.014	0.552	4.15
G0V	0.049	0.588	4.39
G1V	0.067	0.604	4.5
G2V	0.133	0.65	4.79
G3V	0.152	0.661	4.86
G4V	0.175	0.674	4.94
G5V	0.185	0.68	4.98
G6V	0.227	0.704	5.13
G7V	0.243	0.713	5.18
G8V	0.284	0.737	5.32
G9V	0.358	0.777	5.55
K0V	0.436	0.816	5.76
K1V	0.502	0.847	5.91
K2V	0.6	0.893	6.19
K3V	0.801	0.99	6.57
K4V	1.004	1.1	7.04
K5V	1.056	1.134	7.25
K6V	1.199	1.257	7.88
K7V	1.222	1.336	8.3
K8V	1.213	1.382	8.6
K9V	1.198	1.418	8.96
M0V	1.19	1.431	9.16
M1V	1.171	1.484	9.8
M2V	1.17	1.5	10.3
M3V	1.181	1.544	11.14
M4V	1.215	1.661	12.65
M5V	1.433	1.874	14.3
