#ST     (U-B)o  (B-V)o	 Mv
O4		-1.200	-0.330	-5.200
O4.5	-1.191	-0.328	-5.055
O5		-1.182	-0.325	-4.909
O5.5	-1.173	-0.323	-4.764
O6		-1.164	-0.321	-4.618
O6.5	-1.155	-0.319	-4.473
O7		-1.145	-0.316	-4.327
O7.5	-1.136	-0.314	-4.182
O8		-1.127	-0.312	-4.036
O8.5	-1.118	-0.310	-3.891
O9		-1.109	-0.307	-3.745
O9.5	-1.100	-0.305	-3.600
O9.6    -1.096  -0.304  -3.530
O9.7    -1.092  -0.303  -3.460
O9.8    -1.088  -0.302  -3.390
O9.9    -1.084  -0.301  -3.320
B0		-1.080	-0.300	-3.250
B0.1    -1.064	-0.296	-3.12
B0.2    -1.048	-0.292	-2.99
B0.3    -1.032	-0.288	-2.86
B0.4    -1.016	-0.284	-2.73
B0.5	-1.000	-0.280	-2.600
B0.6    -0.99	-0.277	-2.55
B0.7    -0.98	-0.274	-2.5
B0.8    -0.97	-0.271	-2.45
B0.9    -0.96	-0.268	-2.4
B1		-0.950	-0.265	-2.350
B1.1    -0.94	-0.262	-2.3
B1.2    -0.93	-0.259	-2.25
B1.3    -0.92	-0.256	-2.2
B1.4    -0.91	-0.253	-2.15
B1.5	-0.900	-0.250	-2.100
B1.6    -0.890	-0.247	-2.040
B1.7    -0.880	-0.244	-1.980
B1.8    -0.870	-0.241	-1.920
B1.9    -0.860	-0.238	-1.860
B2		-0.850	-0.235	-1.800
B2.1    -0.84	-0.232	-1.74
B2.2    -0.83	-0.229	-1.68
B2.3    -0.82	-0.226	-1.62
B2.4    -0.81	-0.223	-1.56
B2.5	-0.800	-0.220	-1.500
B2.6    -0.778	-0.216	-1.42
B2.7    -0.756	-0.212	-1.34
B2.8    -0.734	-0.208	-1.26
B2.9    -0.712	-0.204	-1.18
B3		-0.690	-0.200	-1.100
B3.5	-0.643	-0.188	-0.875
B4		-0.595	-0.175	-0.650
B4.5	-0.548	-0.163	-0.425
B5		-0.500	-0.150	-0.200
B5.5	-0.467	-0.142	-0.067
B6		-0.433	-0.133	0.067
B6.5	-0.400	-0.125	0.200
B7		-0.367	-0.117	0.333
B7.5	-0.333	-0.108	0.467
B8		-0.300	-0.100	0.600
B8.1    -0.287	-0.097	0.633
B8.2    -0.273	-0.093	0.667
B8.3    -0.260	-0.090	0.700
B8.4    -0.246	-0.086	0.734
B8.5	-0.233	-0.083	0.767
B8.6    -0.220	-0.080	0.800
B8.7    -0.207	-0.077	0.833
B8.8    -0.193	-0.073	0.867
B8.9    -0.180	-0.070	0.900
B9		-0.167	-0.067	0.933
B9.1    -0.154	-0.064	0.966
B9.2    -0.140	-0.060	1.000
B9.3    -0.127	-0.057	1.033
B9.4    -0.113	-0.053	1.067
B9.5	-0.100	-0.050	1.100
B9.6    -0.089	-0.045	1.140
B9.7    -0.078	-0.040	1.180
B9.8    -0.067	-0.035	1.220
B9.9    -0.056	-0.030	1.260
A0		-0.045	-0.025	1.300
A0.1    -0.034	-0.020	1.340
A0.2    -0.023	-0.015	1.380
A0.3    -0.012	-0.010	1.420
A0.4    -0.001	-0.005	1.460
A0.5	0.010	0.000	1.500
A1		0.023	0.017	1.567
A1.5	0.037	0.033	1.633
A2		0.050	0.050	1.700
A2.5	0.058	0.063	1.750
A3		0.065	0.075	1.800
A3.5	0.073	0.088	1.850
A4		0.080	0.100	1.900
A4.5	0.085	0.125	2.000
A5		0.090	0.150	2.100
A5.5	0.093	0.163	2.175
A6		0.095	0.175	2.250
A6.5	0.098	0.188	2.325
A7		0.100	0.200	2.400
A7.5	0.085	0.225	2.475
A8		0.070	0.250	2.550
A8.5	0.060	0.263	2.613
A9		0.050	0.275	2.675
A9.5	0.040	0.288	2.738
F0		0.030	0.300	2.800
F1		0.015	0.325	2.950
F2		0.000	0.350	3.100
F3		-0.005	0.375	3.250
F4		-0.010	0.400	3.400
F6		-0.005	0.450	3.750
F8		0.000	0.500	4.100
F9		0.040	0.550	4.400
G0	    0.080	0.600	4.700
G0.5	0.093	0.609	4.742
G1	    0.105	0.617	4.783
G1.5	0.118	0.625	4.825
G2	    0.130	0.633	4.867
G2.5	0.143	0.642	4.909
G3	    0.155	0.650	4.950
G3.5	0.168	0.659	4.992
G4	    0.180	0.667	5.033
G4.5	0.193	0.675	5.075
G5	    0.205	0.683	5.117
G5.5	0.218	0.692	5.159
G6	    0.230	0.700	5.200
G6.5	0.254	0.713	5.275
G7	    0.278	0.725	5.350
G7.5	0.302	0.738	5.425
G8	    0.325	0.750	5.500
G9	    0.357	0.767	5.600
G9.5	0.388	0.783	5.700
K0	    0.420	0.800	5.800
K0.5	0.473	0.825	5.925
K1	    0.525	0.850	6.050
K1.5	0.578	0.875	6.175
K2	    0.630	0.900	6.300
K2.5	0.707	0.933	6.433
K3		0.783	0.967	6.567
K3.5	0.860	1.000	6.700
K3		0.945	1.050	6.900
K4.5	1.030	1.100	7.100
K5		1.080	1.150	7.300
K5.5	1.130	1.200	7.500
K6		1.165	1.250	7.750
K6.5	1.200	1.300	8.000
M0		1.220	1.400	8.800
M2		1.170	1.500	10.300
M4.5	1.200	1.600	12.000
M5.5	1.320	1.700	13.200
M7		1.430	1.800	14.200
